#pbe 216
#path 2
#note: here, \lambda_z is no longer meaningful, since the symmetry breaking dominate, as the case of SnV-
#image      e_start    e_end_1    e_end_1    \lambda_z              \sqrt(2) \lambda_perp     3A2      1E      1E      1A1     3E      3E
#ref 3A2    10.7445    15.6876    15.6876    42.96525084260691      80.06910547505998         0.000    0.523   0.523   1.444   2.350   2.350
#ref 1A1    10.7419    15.6831    15.6831    43.08549961538463      77.04406985667521         0.000    0.508   0.508   1.414   2.272   2.272
#ref 3Ea1   10.7404    15.6306    15.6306    41.455582750089114     71.08908817576351         0.000    0.473   0.473   1.388   1.940   1.940
 1          10.7396    15.6144    15.6469    41.45455399063798      71.11771098723976         0.000    0.465   0.480   1.390   1.920   1.958
 2          10.7404    15.6306    15.6306    41.45558275009644      71.0890881758522          0.000    0.473   0.473   1.388   1.940   1.940
 3          10.7396    15.6142    15.6471    41.454358232751346     71.1207019555192          0.000    0.466   0.479   1.390   1.920   1.959
 4          10.7389    15.5978    15.6640    41.45152441687249      71.1699421302928          0.000    0.459   0.481   1.393   1.899   1.977
 5          10.7382    15.5812    15.6812    41.4443247062955       71.35654282928556         0.000    0.452   0.480   1.400   1.880   1.997
 6          10.7374    15.5646    15.6988    41.43028280403008      71.66066213857582         0.000    0.445   0.477   1.410   1.862   2.019
 7          10.7367    15.5479    15.7167    41.414559216305626     71.97113798229368         0.000    0.438   0.471   1.423   1.845   2.041
 8          10.7360    15.5312    15.7350    41.396542844162994     72.32303440248798         0.000    0.430   0.461   1.439   1.826   2.063
# old
# 1           10.7403    15.6231    15.6498    41.19708515745278      67.16619880908505         0.000    0.461   0.461   1.370   1.868   1.902
# 2           10.7408    15.6366    15.6366    41.22316465982111      67.2922951405027          0.000    0.462   0.462   1.370   1.888   1.888
# 3           10.7403    15.6234    15.6501    41.254826782757924     67.43486648809247         0.000    0.461   0.463   1.372   1.875   1.909
# 4           10.7398    15.6103    15.6637    41.29033529638927      67.6592822091663          0.000    0.458   0.464   1.376   1.861   1.929
# 5           10.7391    15.5972    15.6772    41.330587461760686     67.88490391005217         0.000    0.453   0.465   1.381   1.848   1.949
# 6           10.7385    15.5842    15.6908    41.37546502794197      68.14599357129933         0.000    0.447   0.466   1.388   1.834   1.969
# 7           10.7378    15.5711    15.7043    41.42738426248506      68.43167426393836         0.000    0.438   0.467   1.396   1.820   1.989
# 8           10.7371    15.5581    15.7178    41.48190258350192      68.74833094130713         0.000    0.428   0.468   1.406   1.806   2.009
